# MHE System Noise
w_p: 0.01
w_q: 0.0017 # 0.000285
w_v: 0.01
w_r: 0.005 # 0.005
w_a: 0.0075 # 0.005

w_d: 0.0001
w_m: 0.0001

# MHE Measurement Noise
v_p: 0.0001
v_r: 0.00005 #0.00001
v_a: 0.00006 #0.00005
v_d: 0.0001